1700
8700
600
3800
400
1800
1100
1300
2100
2100
400
1100
800
900
1000
1100
2300
1500
900
500
200
300
800
900
100
4500
1500
4800
400
300
900
300
400
1500
1100
1400
1800
500
1100
600
200
300
1400
200
500
1200
2100
3900
7200
8300
4100
1600
200
400
1400
2300
1300
1000
500
2200
500
3400
400
500
1000
500
300
100
1700
300
500
200
1000
500
1500
600
600
500
900
900
700
2700
300
500
2300
100
2900
800
100
12900
400
100
100
600
200
1600
2900
400
1400
5200
500
1400
1700
600
500
2200
3400
600
400
1100
1700
700
500
3700
500
4200
200
300
200
600
1200
9200
600
3700
500
300
200
2700
1000
1500
800
3600
500
300
1600
1400
1200
1700
1400
600
500
1200
1200
1900
1900
1500
3500
6000
2900
2900
1800
1300
6600
1000
1300
3700
1300
7100
12400
16400
1900
1100
1200
700
1900
1500
1800
1600
400
300
11200
2100
3000
4300
3200
3000
2100
1400
2300
2100
3200
4500
1900
6200
2700
1300
15500
7600
4500
15400
2200
3600
3200
900
3100
2500
3400
3800
3200
200
1000
2400
1300
700
9700
800
14300
9900
9000
2200
900
1100
1900
5500
1900
200
3100
400
900
200
600
6700
3800
1900
1200
1400
500
1700
1900
1800
3200
2800
1600
2400
4300
100
2400
1000
100
200
200
8500
5100
1400
5400
200
200
300
1800
700
1300
4900
3700
700
5300
4800
4000
1900
6000
1300
10500
4800
5900
17800
4900
3700
6000
4000
12200
200
1500
300
700
2600
2400
900
3300
3700
1900
1800
2100
400
200
5400
5700
3900
300
1800
1200
1400
100
500
1700
900
1600
200
300
1100
700
1000
1900
600
200
500
700
1200
100
1400
1800
2500
900
500
11500
1300
800
1700
2500
1100
1100
1800
2800
5800
2500
600
3100
1800
4800
1800
600
2700
800
3000
1200
400
1400
3000
100
700
900
300
400
7900
1400
3400
2100
1800
3100
400
800
6900
1300
1200
1100
1000
1900
1100
5800
1400
1000
6500
2500
1400
2000
2100
500
6000
900
4600
3500
1800
2300
2900
400
200
2200
800
1400
500
200
1100
1900
4700
2500
3600
500
500
5600
1900
7500
200
200
1700
300
600
200
500
600
100
1700
900
3600
3200
1800
1000
2000
1500
300
2800
500
1000
100
1400
100
700
100
100
100
200
5400
1300
900
1600
200
500
400
900
1900
500
2100
100
100
500
400
3800
800
1100
1400
300
100
100
200
600
1400
500
700
100
800
100
100
1300
1100
8100
500
700
300
1200
4400
100
1600
2200
4400
400
100
1900
400
1100
200
500
600
2100
200
200
500
400
1900
600
900
900
1400
1500
1600
3700
600
1200
4700
1600
1900
2100
300
400
200
200
500
100
100
200
200
400
200
6100
200
300
100
1900
600
800
400
1800
9800
400
600
200
1500
400
300
1200
1800
100
5600
700
2000
4300
2800
3300
2800
2200
3400
1100
800
1300
700
600
500
400
1300
900
2300
1100
500
800
400
600
3000
400
2000
3000
4200
2600
7500
8200
10800
2000
1400
2800
600
2700
2400
6300
1400
5200
400
3600
1700
2100
1200
300
400
3500
700
3200
18900
200
700
5800
900
5400
3200
14900
200
700
1200
6600
4800
1200
2100
11800
600
10100
4300
2800
4100
1500
1400
1000
1700
300
100
100
400
7400
18000
22600
5600
7700
600
100
1300
5500
1500
2400
200
500
300
3400
100
2100
1300
6600
1700
3600
2700
14400
8100
18600
16900
4900
1600
5900
900
800
500
1000
800
600
9600
8400
200
300
400
7500
7200
200
100
200
200
100
1300
2000
400
7700
4500
9700
9500
6300
900
2500
1900
2400
400
700
100
100
100
400
800
200
500
400
200
6300
7100
6300
3400
2300
7100
600
1800
300
100
2300
